ID     start                 end                     X      Y   dt0  pa   da    v     dv   minv  maxv  halo? 
1     2011/01/01T22:54:13  2011/01/02T05:12:00     994   -392  02   263  028  0136  0004  0126  0141   NA
2     2011/01/28T00:00:09  2011/01/28T01:36:00    1123    308  06   286  118  0459  0121  0284  0781   II
3     2011/01/28T03:38:33  2011/01/28T01:36:00    1040     77  06   287  124  0459  0126  0284  0822   II
4     2011/01/29T07:19:39  2011/01/29T09:36:00    1005    317  02   281  060  0238  0113  0146  0493   NA
5     2011/01/30T08:18:10  2011/01/30T21:48:00     655    441  02   291  040  0416  0030  0322  0437   NA
6     2011/02/02T00:00:11  2011/02/02T07:00:00     407    796  02   307  040  1224  0288  0992  1953   NA
7     2011/02/11T06:03:46  2011/02/11T08:48:00    1010    339  01   279  012  0405  0124  0206  0419   NA
8     2011/02/15T01:35:34  2011/02/15T02:12:00    -329     64   2   144  360  0471  0127  0301  0811   IV 
9     2011/02/27T07:51:40  2011/02/27T10:48:00    -931    168  01   094  058  0332  0079  0203  0413   NA
10    2011/03/03T00:00:04  2011/03/03T20:36:00   -1156    253  04   065  092  0359  0051  0241  0446   II
11    2011/03/04T02:42:10  2011/03/04T05:48:00    -996   -247  02   079  092  0506  0109  0301  0781   II
12    2011/03/07T19:00:01  2011/03/07T20:12:00     812    701  08   320  230  0702  0403  0263  1644  III
13    2011/03/19T11:24:11  2011/03/19T12:12:00    1019   -490  03   254  054  0976  0172  0466  1201   NA
14    2011/03/29T18:40:11  2011/03/29T20:24:00     -19   1067  03   000  158  0879  0226  0296  1242   II 
15    2011/03/31T21:00:29  2011/03/31T23:12:00     333   -171  01   179  032  0229  0015  0199  0253   NA
16    2011/04/08T21:00:30  2011/04/09T02:36:00    -375    474  01   043  036  0139  0001  0137  0141   NA
17    2011/04/24T07:34:00  2011/04/24T09:24:00    -928    431  03   070  022  0424  0022  0369  0452   NA
18    2011/04/27T00:41:54  2011/04/27T02:36:00    -835    545  03   063  084  0694  0150  0416  0976   NA
19    2011/05/04T15:09:54  2011/05/04T17:48:00    -575    604  02   042  054  0311  0054  0202  0408   NA
20    2011/05/06T01:35:00  2011/05/06T04:17:00   -1069   -111  00   073  024  0353  0113  0127  0456   NA
21    2011/05/11T01:43:54  2011/05/11T02:48:00     785    399  02   295  140  0413  0074  0234  0525   II
22    2011/05/12T11:14:54  2011/05/12T14:23:00    -805    323  03   054  030  0265  0072  0134  0339   NA
23    2011/05/18T00:00:02  2011/05/18T22:36:00    -151    960  01   023  032  0601  0477  0309  1784   NA
24    2011/05/23T00:00:11  2011/05/23T03:48:00    -298    407  01   012  042  0389  0087  0340  0553   NA
25    2011/05/30T08:00:00  2011/05/30T11:36:00    -388    694  04   073  120  0248  0108  0120  0534   II
26    2011/06/09T18:08:55  2011/06/09T18:48:00    -615    853  01   021  016  0234  0069  0136  0347   NA
27    2011/06/11T08:29:55  2011/06/11T13:36:00    -377    529  03   004  054  0247  0017  0220  0285   NA
28    2011/06/12T10:29:56  2011/06/12T15:12:00    1042    125  04   280  102  0318  0085  0137  0452   II
29    2011/06/14T02:14:56  2011/06/14T07:12:00    -962   -396  06   077  184  0456  0175  0246  0905  III
30    2011/06/15T08:02:54  2011/06/15T13:48:00     890   -480  04   249  024  0459  0088  0408  0679   NA
31    2011/06/20T21:00:40  2011/06/21T09:24:00      40    366  01   356  006  0183  0045  0139  0236   NA
32    2011/06/24T17:19:55  2011/06/24T19:48:00    -952   -388  01   121  020  0584  0193  0109  0702   NA
33    2011/07/05T20:15:03  2011/07/06T10:48:00     637    630  02   290  054  0521  0293  0119  0976   NA
34    2011/07/08T22:00:04  2011/07/09T00:48:00    -446   -488  02   096  170  0473  0092  0211  0657   II
35    2011/08/04T03:29:59  2011/08/04T04:12:00     592    207  06   358  360  0868  0475  0137  1952   IV
36    2011/08/11T09:12:05  2011/08/11T10:36:00    1027     93  02   277  120  0976  0309  0309  1602   II
37    2011/08/12T01:32:03  2011/08/12T04:17:00    -522    756  02   030  030  0346  0062  0240  0452   NA
38    2011/08/16T04:15:04  2011/08/16T09:12:00     159    951  03   008  078  0301  0087  0137  0568   NA
39    2011/08/31T03:20:04  2011/08/31T15:24:00     299    750  00   308  018  0140  0000  0139  0141   NA
40    2011/09/08T15:08:05  2011/09/08T18:00:00    -564   -741  01   126  014  0309  0034  0244  0369   NA
41    2011/09/09T21:00:03  2011/09/03T03:24:00     157    520  00   324  018  0324  0059  0247  0416   NA
42    2011/09/14T10:30:00  2011/09/14T12:36:00    -598    895  03   023  028  0578  0239  0413  1157   NA
43    2011/10/01T14:32:05  2011/10/01T20:48:00   -1075    366  04   065  196  0710  0258  0317  1294  III
44    2011/11/05T03:15:01  2011/11/05T05:36:00      36    949  02   016  042  0514  0092  0303  0637   NA
45    2011/11/09T12:51:32  2011/11/09T15:24:00    -752    580  04   074  234  0771  0215  0209  1059  III
46    2011/11/17T11:58:03  2011/11/17T17:12:00     458   -618  02   232  122  0139  0037  0101  0232   II
47    2011/11/18T15:46:03  2011/11/18T17:24:00    -992   -619  02   116  018  0449  0062  0405  0595   NA
48    2011/11/25T21:00:36  2011/11/25T21:18:00     570    261  02   281  020  0140  0001  0137  0143   NA
49    2011/11/30T18:30:00  2011/11/30T23:36:00    -812      0  04   041  136  0553  0153  0136  0856   II
50    2011/11/30T18:48:01  2011/11/30T22:24:00     981     16  03   270  066  0548  0101  0330  0762   NA
51    2011/12/03T10:26:02  2011/12/03T11:36:00    1005    609  02   306  126  0595  0077  0413  0744   II
52    2011/12/03T13:28:03  2011/12/03T15:48:00     271   1134  03   352  082  0317  0069  0205  0473   NA
53    2011/12/04T19:20:04  2011/12/04T20:24:00    -944   -305  01   107  068  0345  0064  0241  0543   NA
54    2011/12/10T09:00:02  2011/12/10T14:48:00       0    485  03   325  044  0142  0142  0136  0431   NA
55    2011/12/11T08:29:59  2011/12/11T10:12:00     214    631  02   351  080  0279  0047  0229  0403   NA
56    2011/12/12T23:29:59  2011/12/13T02:00:00     689   -490  02   218  070  0500  0064  0351  0618   NA
57    2011/12/14T14:40:02  2011/12/14T15:24:00    -880    688  02   055  136  0440  0070  0284  0580   II
58    2011/12/21T02:30:01  2011/12/21T03:12:00    -812   -754  02   110  206  0587  0328  0140  1524  III
59    2011/12/23T16:15:03  2011/12/24T03:12:00    -901    686  10   074  130  0425  0175  0135  0744   II
60    2011/12/24T07:20:04  2011/12/24T08:48:00    -996   -359  02   082  082  0694  0204  0361  1136   NA
61    2011/12/24T10:55:02  2011/12/24T12:48:00     947    319  03   265  116  0363  0107  0138  0607   II
62    2011/12/24T22:15:03  2011/12/25T01:25:00     151    613  02   016  122  0418  0027  0355  0473   II
63    2011/12/27T02:00:03  2011/12/27T03:24:00    -586   -223  03   068  134  0706  0139  0422  1059   II
64    2011/12/29T15:30:00  2011/12/29T16:36:00     897    431  03   253  104  0573  0121  0325  0801   II
65    2011/12/30T17:20:24  2011/12/30T19:12:00     208    791  03   349  076  0543  0059  0484  0694   NA
